2.087173222
2.1514454
1.903064956
1.965799828
2.144435878
1.910952506
1.994771384
2.052911239
1.764931325
1.978650173
2.190052655
1.970236765
2.066091298
2.044065594
2.024306318
1.786774238
2.120026575
2.056387444
1.92349264
2.009804324
2.011700426
1.972543919
1.988170241
2.083066818
2.075790607
2.003028797
2.009572585
1.928747911
1.948497212
1.869943736
1.988172291
2.068853598
2.073696555
1.905942436
2.094022483
2.029078194
2.031123821
1.962316406
1.934531563
2.138471785
1.9444877
1.975362262
2.004857681
2.030712664
2.136762468
1.934946123
1.926964197
1.905105493
1.94440579
1.863324808
1.891883941
1.715637214
2.046290176
2.036897134
2.060259398
2.048164928
2.005027214
2.056898084
2.125542999
2.130856258
1.778605625
1.97093801
1.993869756
1.919046114
2.150381405
2.071745277
1.902721605
1.893563248
1.94158188
2.103048035
2.122576147
2.142283908
1.838204479
1.965587551
1.864670553
1.868595013
1.959667245
2.016029457
1.990227821
1.855169355
2.185847779
2.044355865
1.785693105
1.980398759
1.905155272
2.071997962
1.944870101
2.323624668
2.117717328
2.123802677
2.031221923
2.116124226
2.0357298
1.996044649
2.059518711
2.156287609
1.913427461
1.830666182
2.005502639
2.161106231
2.017930722
1.910603745
2.195002447
2.071048925
1.942162682
2.046269294
2.109858205
2.063992521
1.970536219
2.122893471
2.04092936
2.203955434
2.137819206
2.162181358
1.867819581
2.005055322
1.942270837
1.84373553
2.033042877
1.849096288
2.107174233
1.928109627
1.939671254
2.041728629
2.04072981
2.092468808
1.981443479
2.085919166
1.811000871
1.90415446
1.953086973
2.056276438
2.012391214
2.055801055
2.040940128
1.913961501
2.058090263
2.014877026
1.943338599
1.886314674
2.040067906
1.984984505
1.744074298
2.124659616
1.924287465
2.111422556
2.139910253
2.025445251
2.021953038
2.036508983
2.083169234
1.846221806
2.050660795
2.067207496
1.922644861
2.171128905
1.961375771
2.080043407
1.993879837
1.856297283
1.986674391
1.966289121
2.147512019
1.916051487
1.932911934
1.887986762
1.865753486
1.908949127
2.114772781
2.027000985
1.948696746
2.149004149
1.966392264
1.991945133
2.068410488
2.019993487
1.878613644
2.076882505
1.852321849
1.888087841
1.997980693
2.092153598
1.885286574
1.922172364
1.944005352
2.117767919
2.105696686
2.064947809
1.939468064
2.048945992
2.142700179
2.008091103
1.923332792
1.944833972
1.828580094
2.026373974
1.883522926
1.971091261
1.98382085
2.093970406
1.844829205
1.976419087
1.937729934
2.106967565
1.971933681
1.893186505
2.017111964
2.036303616
2.097059614
1.964268016
2.151681501
1.947896947
2.117231823
1.852215149
1.958623226
1.979715343
2.266308901
1.951163041
2.143781477
1.802450275
1.944009043
1.983581784
1.907137562
2.092516998
1.995986832
2.077688604
2.019417704
1.907011507
2.058102492
2.157083209
1.970357699
1.875235141
1.868338381
1.926429386
2.26936203
1.937553474
1.949737984
2.049138595
2.065802103
2.099476372
1.898772731
2.052612622
2.077815759
1.747376712
1.877909327
2.006611821
1.988728156
2.044076034
2.033707492
1.972038332
1.997770291
2.0318513
2.101626141
2.099347693
1.878300342
2.024893625
1.97426676
2.083851758
1.880626957
2.035406372
1.946791495
1.975911411
2.129358202
1.992030054
2.116945954
1.964045197
2.073137849
1.986350653
2.111359596
1.958398786
2.148816758
2.214740254
2.048965735
2.122632745
2.011963345
1.982621464
1.942733681
1.853104307
1.878719767
2.111881374
2.088319417
2.053546451
2.0324612
1.96817765
1.937244658
1.905318595
1.904121877
1.925827737
1.992349493
1.863259875
1.863074242
2.195955993
2.088275913
2.03344216
2.027387861
2.093772718
1.991733825
2.030993253
2.00432285
1.982940475
1.926136691
1.813856181
2.005075837
1.993072127
2.007071403
2.050613072
2.068788646
1.981094898
1.913148619
1.996149439
1.966249313
2.098603641
2.033034028
1.997925951
2.075703961
1.936670019
1.941457842
2.001685694
1.928796103
2.104829783
2.00639577
1.854220463
1.923535015
2.053563409
1.970025462
1.907921305
2.013156765
1.872467038
2.014692002
2.034771907
1.888013837
2.1166047
2.067661568
2.328443782
2.094349806
2.193414026
2.091000217
1.892153612
1.899756804
2.005910226
1.950017315
2.08086296
1.867729417
1.953492213
2.10259063
1.890512081
2.052441975
1.998725223
2.089682464
2.082302072
1.929943584
2.026421264
1.992885112
2.135669718
1.812259901
2.029006135
1.811017114
2.099046423
2.051916026
1.937121372
2.032424221
2.088352965
2.025597408
2.170622959
2.14000387
1.870454735
2.189024098
1.874029226
2.059310736
1.978856893
2.137421736
1.822215167
2.024017422
2.024017238
1.984851517
2.181784084
1.926277447
1.97653284
1.910636524
2.055106639
2.123471728
2.00959614
1.892658759
1.879466461
2.058396511
1.895292125
2.11869217
1.901680518
2.097290677
2.009559522
2.042745257
2.058540342
1.996997958
2.120129443
1.990138899
2.036425534
2.074355589
2.09015301
1.959937319
1.983680206
1.922094964
1.913858694
1.86191365
2.170403544
1.879430722
1.889433596
1.926074574
2.061542408
1.950139725
1.862981456
2.002779119
1.991426135
1.930259989
2.014541609
1.932068505
1.836599364
1.917722141
1.932702982
1.918424192
1.98060781
2.248445691
2.130604584
2.002179705
2.049879558
1.964751533
2.076489023
2.179068898
2.013988057
2.067577217
1.852212474
1.966984239
2.022236534
2.040700475
2.100455664
1.872724227
1.987390675
2.016511745
2.065241092
1.978325052
2.073731185
2.089895629
1.913924363
1.752822548
2.000648059
2.242682708
1.943844115
1.926953651
2.015341561
1.970739827
1.782506436
1.991284043
1.809183644
1.99907777
2.237389252
2.026741232
1.864529799
1.977016169
1.976462528
2.005059895
2.016514357
2.093645052
2.058830128
2.076287857
2.071853648
2.145235178
2.148414188
1.787085389
1.951684903
2.052732492
2.031624025
2.025775748
2.116472534
1.867101009
2.003386677
1.859301435
2.043204316
1.775520368
2.033597781
2.08160692
2.212419314
1.963897579
1.918325395
2.101356827
2.06416647
1.898686447
2.050963696
1.978095726
2.074123512
1.939751963
2.127435738
2.062338939
1.920148314
2.042838705
1.923144448
1.995651499
2.048745104
1.979725504
2.072417534
2.013993316
2.003891347
2.228169998
1.95913803
1.992339169
2.197188733
2.096511077
2.107701992
1.992721207
1.951796625
2.081973151
1.927405636
2.022547834
1.909612643
1.971699987
1.946422277
1.994237706
2.081623446
2.03326364
2.166561049
2.079200713
1.959767511
2.153669187
1.976006033
1.949525553
1.974691817
2.068780069
2.161839798
1.999086987
1.990643105
2.204334007
1.982400089
1.988077546
1.953983151
1.882406076
1.975517609
2.210253856
1.861573859
1.866055544
1.925296913
2.145899607
1.981645209
1.770466086
1.999678239
2.058573311
2.03357304
2.027850915
1.960150027
1.755430373
2.166614914
2.107477012
1.904945109
1.929249454
2.073042763
2.085125089
1.998563122
2.002216816
2.194326409
2.176632243
2.039052052
1.904054203
2.0730968
2.013685231
2.080813909
2.101351165
2.051224651
1.910892468
1.830287776
2.010013587
2.033985719
2.06240405
2.054848229
1.998449587
1.906855572
1.849949472
2.08984045
2.088287125
1.864908617
2.072877748
2.087649644
2.084761615
2.077483624
1.96220623
1.919336494
2.151125763
2.17698987
1.900281172
2.106774926
1.959056024
2.061694262
2.051240052
2.015383115
1.858600067
2.053349587
2.093174137
1.99731322
1.953169609
1.948785255
1.909078943
2.120389667
2.008855336
2.049246191
2.152196805
1.985746718
2.084618208
1.986369214
1.740307696
1.979104325
1.95050342
1.975189256
1.716891362
1.965574645
1.958151883
2.062203748
2.132144485
1.954127031
2.08045798
1.98574074
2.101661305
2.012362993
2.025302522
1.971464905
2.043176552
2.041781924
2.187436918
1.902687224
1.968412542
1.880241529
1.833569979
1.866897267
1.874639281
2.097703423
2.184544316
1.937043082
1.92978676
2.072909992
1.941754014
2.072100449
1.871314662
1.877615633
2.018516032
2.10059954
1.999490067
1.91704873
1.927037917
2.08125197
2.018474114
2.031414462
2.038138196
1.922044354
1.861384767
1.997436589
1.971413343
1.885310055
1.917927387
2.066764024
1.926419629
2.072288364
2.091492359
1.881366514
2.005424581
1.947860544
1.909618415
1.772088114
1.982084341
1.963969097
1.789052823
1.948371041
2.020762564
1.866099445
2.004878187
2.035421129
2.008342216
1.937536762
2.004124493
2.023343798
2.037473714
2.03650608
1.895653503
1.940820419
1.823209792
2.145930893
1.919492329
2.109819662
1.872450837
2.031823612
2.153920728
1.973837012
1.851527377
1.788465704
1.848516097
1.961612731
1.935555876
2.094481175
1.980411662
1.908937464
2.200897536
2.017563178
1.830534623
1.918975465
2.049757551
2.220213061
2.00133684
2.084809281
1.957733225
2.07972407
2.143269355
2.001493554
1.992191922
1.906760273
2.142383803
1.953344774
2.061982691
1.886093473
1.891931264
1.948654014
2.13080399
2.046930515
1.86503059
2.082833932
1.957519858
2.080691875
1.855947457
1.955699677
2.070584059
2.036386512
2.038522933
1.96638002
2.055451064
2.094926071
2.124712523
2.067587271
1.925436034
1.907096988
1.904995936
2.137276866
1.99693218
2.043454157
1.983010301
2.06014463
2.006373849
1.817976779
1.982082105
1.94483824
2.098398287
2.058116204
1.850099068
1.978319941
2.038416335
1.935332851
1.764436563
1.831708509
1.986506961
2.231845327
2.022771031
2.204323967
2.163419853
1.961458563
1.949221015
2.085290214
2.041934896
1.884223105
1.990881407
1.922821074
2.116429807
1.8635297
2.028702423
1.940793338
2.034019498
2.013397014
1.942531069
1.90186715
2.005938639
1.991084168
2.001698091
1.950594816
2.01233889
1.87627809
2.392489658
1.882326052
1.90036279
2.148072746
1.98041686
1.861749969
2.079301036
2.039230263
2.048178959
2.095304918
2.074364169
2.035213028
2.196452026
2.128503529
1.982758047
1.9113644
1.968960249
2.025736433
1.799107542
1.982407121
2.067760827
2.057288607
1.965087645
2.070355705
2.133553327
2.106624627
1.966570624
1.988478923
1.945127308
2.032711212
2.010798782
2.152623458
1.980976928
1.961938223
1.937637818
1.969761881
2.167347996
2.087419115
1.924253393
2.101910489
2.010325669
2.043420621
1.860335859
1.988488611
2.088913285
2.141056537
1.785792549
2.068420804
1.806501844
2.094793402
2.124480785
1.964046628
1.922797712
2.040800435
1.863384269
2.049005231
1.911494356
2.125294034
1.821191178
1.91527948
1.90204072
1.911766758
1.93592821
2.080282043
1.908375953
1.986206066
1.958914854
2.09349886
1.926660592
1.933307327
2.047266577
1.983611689
2.046946214
1.990326935
1.888311499
2.098130777
2.045218676
2.050602985
1.922344696
2.122865145
2.026092142
1.969625651
2.161246409
1.993179112
1.992853455
2.050324079
1.854404958
2.122343937
2.164265261
2.007627003
2.005187194
1.953337435
2.000949871
1.924360107
1.988424009
2.095440489
1.960597806
2.018575046
1.993863336
1.941755051
2.046725225
1.908236897
1.909250321
2.003797668
2.075424982
2.292900468
1.955913758
1.96330985
2.081816617
1.986936996
1.930704606
2.025883478
2.111511107
2.00045715
2.036866818
1.946946569
2.057426084
1.90206703
2.135857207
1.894039212
1.991496803
1.93358546
2.466219089
1.906930037
2.144338529
1.96359356
1.908779857
1.913256579
1.971951375
2.037524296
2.132657373
1.997812281
2.10338579
2.127187026
2.117388458
1.969752664
1.906114336
2.026031874
2.006600783
1.927282138
1.96010456
2.139565186
2.07467113
1.980961105
2.091198396
1.836440024
1.965885579
2.163826988
1.955218187
1.973002966
1.881156903
1.914661659
2.026572773
2.033902594
2.04531263
1.931419123
2.025157673
2.040782913
1.945209768
1.912008085
1.993285663
1.963299851
2.070056399
1.755082319
1.996087786
1.926720723
1.961042335
2.126245458
2.026322192
2.024646464
2.096688855
1.923034978
2.178708742
1.995900509
1.96300207
1.87075499
1.892067827
2.04220456
1.921137534
1.908372289
2.008943623
1.905891575
2.027117871
2.085375573
2.013739678
2.049964468
2.173287633
1.929736947
1.926344498
2.205221206
2.038188478
2.052715105
2.051545616
2.049399523
1.75126898
2.110394263
1.945123561
2.046583998
2.144771885
2.178660454
1.950986618
1.966574795
1.893254227
2.006020046
1.940413851
1.994274012
1.885942453
1.957659743
1.981897248
2.00539214
2.026128322
1.905094165
1.988506063
1.957815668
2.069008299
1.916329818
2.009575666
2.015782364
2.049791752
2.098165629
2.070507468
2.017930966
1.904607209
1.868013249