“xxx"
2.97280111373974
1.28515714617423
0.37519736105245
-1.13837114881772
3.80068009003079
-2.33592365603815
4.3066871486785
1.94010370478751
1.61820741165925
0.985469284640766
0.779217445737001
0.201149147704246
1.49269710860445
0.1536643585913
2.05933130074805
2.69368755375334
0.105587192023209
0.883587361691076
5.15075263670363
-0.805368696894871
-0.00821618409719571
-0.558610545152443
0.465220078132667
1.54927244614285
4.34882359777836
2.94384115993605
5.09733517954074
1.50223652400558
1.25583196585239
0.168262150739834
4.67818803423848
1.32439765262311
-0.0985224949505108
-0.715762555218456
4.6108645947877
1.37578434550266
6.39917773541018
2.48803233697862
2.35761393650195
1.51026379015962
-3.03431143246947
2.46037144801466
-1.18478464408515
3.22660814640217
0.0176501738813071
3.93630116037897
1.46244245987851
1.32530157285417
1.66895155113042
4.45370926102496
6.70382714358102
-0.546596611181193
3.19489323099075
2.42970884929479
0.877494719101646
1.51030471591028
2.28484234289129
3.72083383817564
0.51014994797663
2.19200175637185
1.85910820552552
2.05129903214838
2.71017484738378
2.16325339071
3.05028836245001
-0.452187287029694
5.86708198418805
0.715644815833233
2.14710601388307
4.79194278945568
0.0959375658797297
-1.66732593249959
3.5607455483082
5.19800242828235
3.10195550027665
3.8815208923433
0.951024675706037
2.6896834828864
5.63631931632559
1.78540922899329
2.79885112061422
-1.20651045035189
2.28276403774604
2.36599874978465
4.14513509115006
3.08300675229807
0.813790528860956
1.85599848512182
3.31171056652525
0.651827157185328
1.48527359232516
3.91893479294193
2.48718080887027
1.3084265085713
0.768348676081472
1.72986488993046
3.22735591285835
-0.752307957817266
2.99356456964391
2.65746815886684
1.6791419168384
0.546943136413895
1.81284235584302
0.17543992319805
0.922750683325391
6.64819291044562
1.47348071422544
2.38197619633658
-0.303486517944723
1.15896206797008
-0.503662520576977
2.37094200761028
5.77944102773653
2.5208990889601
4.77348101846038
2.55328654493689
1.33093667140376
1.78468013417058
3.24632533110664
0.546777355775836
-0.596971130616199
-0.292002200457414
1.49101864457433
3.27894969668498
1.98949495254549
-0.980197741775128
3.22437233490668
3.37791653621345
2.82700861615256
-0.524646857163511
1.56976618199535
4.03179416956768
-0.0918900464816343
-2.46756482210228
1.27330799681468
7.81696599144984
3.0661392172834
0.334704512796653
2.78680990159869
3.11612124071122
2.74502165315048
5.45321196185525
-1.69007480731714
2.61437315798985
0.044186343139873
-2.22974758743693
-0.303749704102788
5.6391414891208
1.05342846655393
-1.91338411163155
2.07502704008151
3.0480412242995
4.5778314286138
5.45847385007491
3.25243437897303
3.59482217342356
3.95245087506078
1.35433953714846
1.86181849689681
4.08690690892109
2.95415130839135
0.467448418433389
1.97192311938794
2.26224864564044
4.00833595041445
1.81571207420719
5.21400940687197
1.24754500238451
0.221585478167947
4.19097580831417
1.76317032971187
1.79662107107555
2.38326859912655
1.70575963767957
-0.0935276847629445
-1.23336261128066
4.1043558801549
3.59350444758669
5.07359855078932
4.28665811201191
3.30878018641983
2.1113470336567
3.4641493064464
1.59648947494358
3.42747095794809
3.87439737126671
2.90244286967395
2.42037307823852
3.0741881636212
1.7832237183625
2.96918459591379
4.09309190777687
3.74492121722014
3.04800850410277
3.14513189541924
2.25563640368679
-2.8032406391141
2.95186477230942
1.92367808170425
-1.01900300063744
1.73808788448385
3.99268766021084
1.97591192283669
2.48906151868734
1.83702543931999
-1.38504880206641
0.453802974088371
-1.25631222238437
5.84975851691113
1.89776850753836
4.42586758317266
4.01916629024194
0.228107473769103
1.35284917930411
1.36468338915026
3.24040165568927
-0.465358708247027
0.703546761222557
-1.35590772129194
1.60224258580409
2.54129239215835
5.02627595120464
0.295828048377731
0.66619610084853
1.8793019441757
1.19888171293258
-1.45015426554083
2.35855848953115
3.41607529956867
-1.95236490302285
1.57543941164868
2.67921477896802
1.97335444074834
4.77688753021616
2.81264016556667
0.208083879632317
1.87584056633221
2.26890130569324
0.867341371521776
5.34019265382172
-0.0449522972146199
0.914455382764403
2.49473562246972
1.64320116482786
4.10635937262651
2.32018501397138
5.20607199649526
2.80017902184481
-0.404634083843119
3.63207852288136
1.20697505235355
-0.314313288334768
0.637846141084941
-0.742257307177262
1.1641312357072
1.16950056570738
2.35181082314977
2.75493903310575
-1.20440409478004
2.63416570551718
-0.056944840504801
3.18463415239634
1.32528886870448
-0.220309795813743
5.61513260116004
5.45384847437237
0.894512476935644
1.54904014853088
0.892495457834994
1.71604078048917
2.79337009152374
-0.702661155598315
0.317346319585077
5.5393072817374
3.50584304607398
2.55930523162735
1.24421936785024
4.14699758136671
3.93545050149723
4.23110339447552
0.217392112117668
2.3505794018676
1.32056506109685
4.78388374179623
0.732690904252164
2.00649337173142
1.15635523845422
1.12622955228271
0.564762629565684
3.65734355810339
-0.572989552874243
4.33651029527452
0.563494934265146
-0.877704301830891
-0.605956668807798
3.8504582488283
5.37211099125526
2.67566218953819
1.60722253023441
3.19296486059606
3.46943607627778
2.66232162694881
3.39528817783278
-0.860719946692972
5.60272630632234
3.14340841885564
4.38420149019669
4.11113112894751
-1.18028036149513
1.48125719250256
2.02711667161233
3.5438330958668
2.2973089477678
1.45261635179887
-0.683495424843874
2.47160711000461
0.137657534629518
2.28420594123423
5.32057815077861
0.182326619153183
-0.509109757869956
2.58908601863304
1.13499943407719
3.76114637671203
3.54985125528492
2.34113999186654
1.06806241490842
0.555972812127959
0.751417063295921
-0.954897957532557
0.306397999187698
3.40870498330889
1.15313690510397
4.98182660239281
2.70044431754178
1.94685665486259
3.85171717380866
1.00744007182843
3.43995785292511
3.17968602703645
1.25062506180011
4.64362478426243
7.30916098503121
0.972036920933088
0.50317123395708
1.88389792745665
3.5963212457837
3.03600961229038
4.18921255948853
1.19641718253641
2.81321485323554
0.829837992897235
1.93647111693991
3.3040367591557
0.138901199733608
-1.87085646209114
0.862541973025397
0.189836665432565
3.17007245405518
-1.48652626502836
1.16622461299881
0.571224509677671
3.38916423124707
-0.968625344541897
3.79161630299131
0.897664399783352
2.52674147826204
3.03373889676866
4.09676130799747
-0.677587487962633
3.17119930061594
5.77015274699813
2.42178694494837
0.273156461259018
2.21703660966946
3.48280482268553
5.60907621206568
4.48076624869558
0.343406151406454
1.12183104608272
1.29786469797454
0.108381653098915
1.81113547849156
1.85674390388855
3.53094945649757
2.34468504707426
-2.55352742348103
-2.81691784240999
3.66942491102139
1.89721512501589
1.22348589147148
1.36363698558735
4.78380488415119
-3.54192039184215
1.21947747569896
1.30855975334205
3.18279849238496
3.00339948727394
3.45846173886594
6.43082661433326
1.32923747365076
1.98367522778889
2.37891122749681
1.2028216511144
3.31915230420181
0.385394154511179
2.20381617529821
0.42229250206838
0.891601408023027
4.05234588249518
0.932305880755443
-4.9244827707244
3.10710361959234
1.61631363373112
3.71435611302461
-0.466212209101713
2.97261554286495
-0.450988522520834
2.78876953934271
3.49237629916229
1.81597950475196
2.35560946383302
3.00467607320468
4.41255179321648
-1.49497994262277
2.49706116882986
2.8276034785619
1.93395604839625
0.451444660434582
3.63513183449611
-0.42625650838666
1.97187269664459
3.26036645033016
-1.03556987294592
0.316939699220346
1.79143649683702
0.904935271316959
3.06091329968303
3.71776570398138
4.44262754351917
1.85244412130288
1.9588678557662
2.57913785469808
1.30825215711624
1.00314327561426
1.81424032405766
4.71592845280987
1.03021367352314
-1.43523816246967
1.23252770139796
2.67278458780455
0.523144432455602
3.26623445528024
-0.0923170084147249
2.90762929152088
5.91068624347495
2.10870394799085
1.45645393357445
-0.183672027570589
1.14984175823785
1.50091419249411
1.57555910923424
1.75380409720619
5.2347928962182
3.7081136558959
1.20569855824086
0.599127728991856
2.31878771022136
3.20377780338752
5.77905839652598
5.72692198111612
2.83713281236202
0.830586389860837
5.05685175836764
2.33424545379889
4.67759313128876
0.836024180781504
2.53270944697733
5.56963333296444
-0.0819464436747448
3.94416964314224
5.14581342784486
3.93640784194104
-1.16935297734761
-0.557425389955116
2.98877552548266
5.54140962295688
1.17528759977524
3.32697853425313
-1.01266026830394
5.38304489320121
-1.32519936838073
-2.41621106360358
1.97994150476469
2.16293560169406
2.71714433781415
-0.290086944433809
5.15480307130991
1.65033920823523
-0.54515968228965
1.39065882575313
1.20663945313357
-0.138979134801827
4.85350583390763
1.4037504059182
3.0146950515102
0.994501503629001
1.59821628934028
5.39499695858903
2.59331235632405
2.01192505136539
2.49492031410495
0.477899629254265
-0.410538615450256
1.11566675490522
1.87370892771008
3.1571638116734
2.93462587450248
1.98888493753544
2.18408078479433
2.55761000294484
1.2209147952144
3.9069717295711
2.209436100886
2.33524136579018
0.360682441986475
3.03024632012927
2.71406823443888
4.94109156687167
4.26060957058152
0.0318885629104464
-1.36172493292314
2.25479654442801
3.13966475687501
0.724722673935891
1.74682129050132
-1.81492322320225
6.08741326986573
-0.195027434250197
6.26853974019714
1.24167323118938
-0.852045421536819
3.69504939762174
5.61271182339398
3.48077728005763
2.99964198196234
1.87666001037602
2.93321623028695
3.944021578344
3.98350001015402
1.29600962409084
2.43117580525077
-1.32082486336771
3.29024421888641
1.74993690960559
3.4506517739445
3.40855312785096
5.59180417665975
0.305658603484705
-1.64270688244911
1.20222328101614
3.76083618369169
-0.979300922653617
1.8413370471579
0.0153535812371481
2.71703230711078
1.40762637837975
2.85181860273136
3.50677416419993
5.77926378826075
-0.333908719602702
-0.341826559625424
3.05277374425226
0.184828495384394
-0.318210474701998
7.16629682907216
1.95701816234445
4.10024120362856
-0.065701827933609
2.01466393996542
2.60156571803825
0.420862170682431
3.50471201512617
2.26312313804741
-0.434637498088615
5.48687695698445
-1.24885425787701
1.77779583489301
1.06928107704851
2.79431502191632
0.106144551912396
0.43434341524908
3.31349962471656
1.97575758554512
2.23117010755352
3.52812022234849
2.48316043627647
2.58028374906186
2.04968855484392
4.02557770768917
1.36465229481019
2.35941032693894
1.18459389166882
2.07394133731644
3.91923606466579
2.01207908335748
3.59012550736221
0.0148162320349541
1.2715025512006
1.87339133332011
1.0681417766121
1.97353268234742
1.95964261314995
2.30759533195766
2.0232342895789
5.09490464084444
3.92957672220666
1.57647749762425
-0.0714430560897696
-0.645221885020699
2.26674926686361
2.79640180678642
5.38643705153615
2.59498759214443
0.637547427839446
3.25980193518136
2.09175063186843
1.40824205764734
3.63469753190806
1.47373426587496
2.10926970735788
6.814153911125
-1.11528158862194
-3.11296452379359
-1.14463050747177
2.27239470980229
2.44593809534839
2.19579092022078
1.41262031752308
2.3004141669318
3.44556767646289
-0.0170001996824749
2.24708343521585
1.64021252571387
0.479063636334346
-0.599546099927207
4.36492301073443
1.373880682176
2.7208956419345
5.46114879856051
1.0830027954673
1.3976109575015
2.19704555477998
5.11586278636242
5.2560114643357
3.3244002287662
1.74462238761416
3.63621892070396
4.81164485884882
2.85815507488505
-0.444303247031239
-1.16333024361926
2.33468478691495
3.43614308874529
3.03478130646641
2.9155924398095
-0.581467915034621
2.95041691618667
3.94306133599013
2.59595004623346
1.62233404177523
3.40000664289742
1.20098252733737
5.37703308919634
2.53765958183153
2.69838685959979
0.624689014269469
2.8773504829333
-1.3141161908756
0.938086797678086
-0.296561537503003
1.2733532434973
-0.319157942452219
3.41622245702587
-0.263762688252916
1.90887100088783
3.2079510215095
4.99328313343034
1.70588938233156
-1.0776862601684
-0.0617443265277551
-1.43181930565622
1.22845982992845
-2.29782835296644
2.89895474268824
5.18641405676986
0.542595328201494
2.34695434999577
1.01535355839473
0.948898236646954
0.515969430107638
1.16157710585376
2.68660138880676
5.80451597918273
2.06574147430054
-1.53066839463464
1.81373900644888
2.75701524742091
2.44359024036957
-0.613201890496845
4.64943297355557
-0.865150010190219
1.81224300489731
2.78067940649243
-1.06750466607177
5.0282461983438
1.72549622868145
4.84707162685888
1.6807201323473
2.3917247342217
2.3374833507134
1.03907514869447
-1.95643585787084
3.68587872809705
0.957639577267477
6.71177503839533
1.89923646378908
3.48944588106896
5.3846268828629
-0.0942371377774398
4.62679110366274
1.258818688324
1.02570948053746
1.75282669307089
2.41258194552629
1.06783018387985
4.23012443854319
2.27434162999249
2.88003569537325
1.25131286322884
-4.24336791831605
6.57507289028849
1.97694455665045
1.14711386575406
4.25823477013982
0.572708732441859
5.04873643097837
2.02193448056277
2.7130202413866
1.46629731995921
-0.934026038488894
4.91856188186406
-1.07739090433693
1.75479390692105
4.812245935869
1.83352014716961
0.589943420034493
-1.39255235003522
2.23213159571813
0.493139210951852
-0.301264727924515
0.536502310425241
-0.154258403290194
3.49226896206682
2.840837815817
0.406393710158501
2.96132929723924
1.58263099542092
3.43567584294884
3.00810383992716
1.7249271894496
1.97094685064464
4.2822890446659
6.23474925849189
5.14988524732791
2.15643257317829
0.893114542757894
3.83848643037541
3.12816289559404
2.51537238545479
3.90914385522836
2.40816068893104
4.26008825449609
2.44851496949781
-2.20480445730137
2.3312263669953
7.04588182866968
0.804930799842428
1.17270672080667
1.63491889675904
2.25984382621884
4.03337087785446
0.15661867144654
2.55360013953621
4.66021159088024
1.7584324296417
3.15402289375679
2.55175645145527
4.0996493214104
1.51908602666719
-2.19069639604826
3.11519392042088
5.19412586702469
3.92206851624766
-1.06260587543624
3.46390889942477
-2.6268932301271
3.96716236201885
2.61057398366111
3.40162401438912
4.89942016641129
1.22464158852793
1.24557862186824
2.21866971715757
3.95747138297256
3.09826309807416
2.25859120050564
6.6719549772162
0.695074492603143
-0.112552354623605
3.34535631691363
0.575602940672811
4.98338718972934
4.96605181428923
-0.0229041588300887
3.3664342013833
0.722465206879408
0.199222721090392
-0.305668971298102
3.68043800126318
4.01349011201724
7.08474550244119
5.04096423708672
1.44537864973092
4.94651049648607
3.31372780053508
1.85819612051695
-0.945440843560867
4.60390240160711
1.03191681339671
0.264608258436974
0.139981172030947
4.10763322419585
-1.30711111531334
0.37776972022902
-1.90043782798925
0.553207609018321
3.47953268241523
1.4341256578445
-1.01971108454797
3.87526778070153
4.11534071695443
-3.75484543355772
3.58381835504747
0.0986152713370088
2.05468437191816
8.24843565989343
1.63814159876076
3.85502932395366
1.69542052575251
-2.05048762785051
4.93914170183894
-1.0369150156866
2.90508398938711
1.2612846255382
0.754490567917471
2.17629535440998
-0.584033272972473
3.94195292170516
2.02124179423017
0.677055937980841
3.19836274193378
2.91276365432471
-3.29246204400523
1.89671905549204
4.01896478537352
3.13644471833597
2.46710662344357
0.659671649933824
1.53114487521985
2.07617459168959
0.00150589170915594
-1.19427615558995
0.0504156940440785
2.23322858134883
2.02386156697486
4.46706655993542
1.8431239411441
-1.16737981748184
-0.639666278864817
6.45828462436052
0.197421849421588
2.15052005374171
3.39084622875871
3.02397103174885
-0.221743715237865
1.12833669423726
3.44399273005694
-2.2778028742588
1.65907519473624
3.59274847002
2.41866724408086
3.13113562477845
1.29003282537988
1.4490029601944
-0.0847539124109846
-0.423099702905584
3.25625120508795
1.89671454578848
2.28601564373919
0.834964801408781
5.04329218414536
1.43534596951623
3.60699935904285
1.64805416736608
5.02995326376635
1.97474617489372
6.09518660481562
2.1293706293761
3.94171528893317
3.24348050463766
3.08176888368535
4.09611173019617
3.91659986126706
1.30065567657947
1.80384596604927
0.863465841640688
4.92519060708587
4.07113295456006
5.7736936226134
4.81103978694416
-0.772286496988178
1.52729857979581
4.99858398128898
1.78011038185833
1.40083844680515
3.25874380038582
3.58707454300078
-0.134761419356979
3.6371554051853
2.60812819286988
0.948491275872322
3.30068406497714
3.68758775813708
1.23426995981168
2.24850099941044
3.32063378424906
6.35769831500306
0.214485373288049
5.48181951645554
3.84062457819049
3.52698086363881
5.99974708982448
2.82354726399533
2.62022436093041
-0.618830632808227
4.23607945814335
5.52309422885458
2.27704216614692
0.988517011548161
1.18820508613287
3.47218186677607
1.45255320929772
5.2574117198225
0.580688862307013
0.268867528670091
4.80552692215594
2.4273435406236
1.52768577821127
2.21791002509199
-1.52764883983303
1.48108534208367
0.125093216454315
4.43801328280506
0.50059714787072
2.79051264697463
1.12711999152022
2.64059238842604
-0.396033463165994
3.63685189579535
1.5910351443355
0.0853137958353114
2.74407799877723
3.91594472839625
3.92333722718132
3.09014415811012
-0.577454628653404
1.56051343186529
1.61882926807275
5.41330187863744
3.13143656342526
5.12724394253685
2.87794669599141
3.29066089422411
0.794679304233581
1.42166665273946
-0.582786903283311
2.08294049264112
1.60430384461308
3.80394066409854
